Eigenvalue#1: 49740.1
0.823363
0.825212
0.86301
0.88612
0.869312
0.848139
0.882513
1
0.896146
0.879426
0.914262
0.936124
0.777125
0.864424
0.818428
0.901636
0.878608
0.795709
0.9311
0.882171
0.891989
0.844387
0.894139
0.912603
0.836468
0.897979
0.834899
0.95668
0.832456
0.855411
0.838583
0.812003
0.91296
0.89012
0.841489
0.949017
0.901694
0.891793
0.826159
0.892389
0.801842
0.784008
0.848911
0.850935
0.859631
0.77818
0.834124
0.845879
0.82619
0.926273
0.86399
0.892046
0.809772
0.863365
0.858569
0.948252
0.87143
0.892591
0.776834
0.827793
0.943851
0.891449
0.831129
0.879358
0.906703
0.840299
0.905812
0.85114
0.825381
0.800273
0.917657
0.88347
0.81466
0.944384
0.819944
0.812126
0.83513
0.839337
0.85116
0.927534
0.805537
0.907001
0.863214
0.929299
0.869483
0.871286
0.808705
0.804733
0.857616
0.935361
0.81105
0.770684
0.928346
0.856287
0.850109
0.852028
0.924402
0.799922
0.819582
0.790535
Eigenvalue#2: 2975.7
