Eigenvalue#1: 1001.93
0.85955
0.890567
0.84908
0.839699
0.872905
0.822822
0.887352
0.860434
0.867109
0.854912
0.922026
0.909298
0.847494
0.872494
0.90785
0.808472
0.88021
0.897576
0.867697
0.863189
0.881567
0.891814
0.867451
0.862738
0.874543
0.848944
0.813394
0.927253
0.908104
0.889758
0.891518
0.908959
0.900609
0.905963
0.832242
0.813803
0.881974
0.871734
0.86584
0.911859
0.914533
0.887883
0.852499
0.822596
0.839496
0.929004
0.914239
0.801783
0.863769
0.918538
0.876752
0.91617
0.892618
0.922996
0.912836
0.874082
0.903758
0.839471
0.915405
0.817063
0.911731
0.802994
0.911718
0.85173
0.86824
0.904935
0.779431
0.85058
0.888509
0.864667
0.937034
0.862491
0.853002
0.91223
0.908936
0.840156
0.871271
0.921056
0.875905
0.885211
0.907271
0.828517
0.834046
0.917454
0.909053
0.941181
0.864041
0.855337
0.834354
0.883841
0.883512
0.94224
0.849266
0.861685
0.882824
0.915836
0.854111
0.843594
0.893794
0.901182
0.852132
0.871224
0.892276
0.900736
0.841335
0.894527
0.864534
0.929071
0.891985
0.930071
0.915689
0.957472
0.895888
0.865588
0.873995
0.85705
1
0.900362
0.839571
0.872394
0.913485
0.850496
0.90354
0.842985
0.840136
0.906903
0.9174
0.917039
0.861568
0.910366
0.932091
0.841329
0.90232
0.849764
0.872362
0.935516
0.883106
0.887296
0.892243
0.927112
0.861861
0.876888
0.849131
0.838334
0.989777
0.843877
0.831976
0.917197
0.878948
0.872042
0.887007
0.850484
0.886459
0.871146
0.847252
0.893339
0.842751
0.894573
0.904707
0.956047
0.87495
0.870558
0.851302
0.93353
0.886664
0.915737
0.855352
0.843874
0.872621
0.919317
0.861907
0.822802
0.849123
0.872786
0.88977
0.924312
0.867482
0.849035
0.872411
0.841353
0.884859
0.900795
0.897046
0.9271
0.902161
0.905791
0.895879
0.890104
0.914754
0.865445
0.877435
0.874606
0.863307
0.86415
0.914202
0.89621
0.959079
0.859387
0.880515
0.914941
Eigenvalue#2: -41.959
