Eigenvalue#1: 24903.3
0.838859
0.821403
0.914205
0.845722
0.979944
0.897349
0.760356
0.862712
0.874071
0.841895
0.881605
0.849434
0.818912
0.829459
0.907827
0.911474
0.795652
0.814309
0.882462
0.846257
0.791072
0.881452
0.80227
0.829056
0.877255
0.860623
0.911682
0.778032
0.945452
0.834973
0.856409
0.842864
0.86689
0.771119
0.798275
0.839034
0.752795
0.818561
0.847298
1
0.993659
0.789381
0.833549
0.720174
0.846604
0.797051
0.752908
0.782908
0.823054
0.761612
Eigenvalue#2: 2438.23
